ND_0001 3720 2 0
ND_0002 1800 2 0
ND_0003 2400 2 0
ND_0004 1200 2 0
ND_0005 1440 2 0
ND_0006 960 2 0
ND_0007 1320 2 0
ND_0008 960 2 0
ND_0009 1500 2 0
ND_0010 1200 2 0
ND_0011 1140 2 0
ND_0012 600 2 0
ND_0013 840 2 0
ND_0014 1140 2 0
ND_0015 1620 2 0
ND_0016 660 2 0
ND_0017 900 2 0
ND_0018 1020 2 0
ND_0019 1080 2 0
ND_0020 1080 2 0
ND_0021 1080 2 0
ND_0022 600 2 0
ND_0023 1200 2 0
ND_0024 1200 2 0
ND_0025 1200 2 0
ND_0026 840 2 0
ND_0027 720 2 0
ND_0028 1140 2 0
ND_0029 720 2 0
ND_0030 780 2 0
ND_0031 600 2 0
ND_0032 840 2 0
ND_0033 780 2 0
ND_0034 900 2 0
ND_0035 720 2 0
ND_0036 900 2 0
ND_0037 600 2 0
ND_0038 1200 2 0
ND_0040 660 2 0
ND_0041 960 2 0
ND_0042 540 2 0
ND_0043 1140 2 0
ND_0044 1320 2 0
ND_0045 720 2 0
ND_0046 1920 2 0
ND_0047 1020 2 0
ND_0048 600 2 0
ND_0049 1500 2 0
ND_0050 900 2 0
ND_0051 1560 2 0
ND_0052 1020 2 0
ND_0053 1320 2 0
ND_0054 900 2 0
ND_0055 840 2 0
ND_0056 600 2 0
ND_0057 1140 2 0
ND_0059 600 2 0
ND_0060 900 2 0
ND_0061 600 2 0
ND_0062 600 2 0
ND_0063 720 2 0
ND_0064 780 2 0
ND_0065 840 2 0
ND_0066 960 2 0
ND_0067 1200 2 0
ND_0068 480 2 0
ND_0069 720 2 0
ND_0071 840 2 0
ND_0072 720 2 0
ND_0073 960 2 0
ND_0074 780 2 0
ND_0075 900 2 0
ND_0076 660 2 0
ND_0077 600 2 0
ND_0078 840 2 0
ND_0079 1020 2 0
ND_0080 660 2 0
ND_0081 600 2 0
ND_0082 780 2 0
ND_0083 780 2 0
ND_0084 1020 2 0
ND_0085 1140 2 0
ND_0086 780 2 0
ND_0087 1020 2 0
ND_0088 1200 2 0
ND_0089 1080 2 0
ND_0090 840 2 0
ND_0091 840 2 0
ND_0092 960 2 0
ND_0093 1020 2 0
ND_0094 1080 2 0
ND_0095 1020 2 0
ND_0096 1800 2 0
ND_0097 1140 2 0
ND_0099 1200 2 0
ND_0100 960 2 0
ND_0101 1200 2 0
ND_0102 1560 2 0
ND_0103 1260 2 0
ND_0104 900 2 0
ND_0105 900 2 0
ND_0106 1560 2 0
ND_0107 1500 2 0
ND_0108 1260 2 0
ND_0109 960 2 0
ND_0110 1080 2 0
ND_0111 1500 2 0
ND_0112 840 2 0
ND_0113 1200 2 0
ND_0114 1200 2 0
ND_0115 720 2 0
ND_0116 1500 2 0
ND_0117 540 2 0
ND_0118 1020 2 0
ND_0119 720 2 0
ND_0120 960 2 0
ND_0121 1020 2 0
ND_0122 840 2 0
ND_0123 660 2 0
ND_0124 900 2 0
ND_0125 900 2 0
ND_0126 960 2 0
ND_0127 1200 2 0
ND_0128 720 2 0
ND_0129 1260 2 0
ND_0130 780 2 0
ND_0131 840 2 0
ND_0132 1140 2 0
ND_0133 840 2 0
ND_0134 1620 2 0
ND_0135 600 2 0
ND_0136 480 2 0
ND_0137 1440 2 0
ND_0138 1260 2 0
ND_0139 600 2 0
ND_0140 1260 2 0
ND_0141 900 2 0
ND_0142 1620 2 0
ND_0143 540 2 0
ND_0144 1980 2 0
ND_0145 660 2 0
ND_0146 840 2 0
ND_0147 1860 2 1
ND_0148 1140 2 1
ND_0149 600 2 1
ND_0150 2040 2 1
ND_0151 2220 2 1
ND_0152 3000 2 1
ND_0153 960 2 1
ND_0154 900 2 1
ND_0155 2100 2 1
ND_0156 1380 2 1
ND_0157 4680 2 1
ND_0158 2400 2 1
ND_0159 1200 2 1
ND_0160 2160 2 1
ND_0161 2400 2 1
ND_0162 2160 2 1
ND_0163 1380 2 1
ND_0164 1140 2 1
ND_0165 840 2 1
ND_0166 600 2 1
ND_0167 3360 2 1
ND_0168 1440 2 1
ND_0169 1140 2 1
ND_0170 1980 2 1
ND_0171 1200 2 1
ND_0172 900 2 1
ND_0173 420 2 1
ND_0174 1560 2 1
ND_0175 1680 2 1
ND_0176 960 2 1
ND_0177 1200 2 1
ND_0178 1140 2 1
ND_0179 540 2 1
ND_0180 840 2 1
ND_0181 1500 2 1
ND_0182 840 2 1
ND_0183 600 2 1
ND_0184 600 2 1
ND_0185 600 2 1
ND_0186 480 2 1
ND_0187 840 2 1
ND_0188 960 2 1
ND_0189 2880 2 1
ND_0190 1080 2 1
ND_0191 480 2 1
ND_0192 1020 2 1
ND_0193 1860 2 1
ND_0194 1800 2 1
ND_0195 960 2 1
ND_0196 1080 2 1
ND_0197 600 2 1
ND_0198 1140 2 1
ND_0199 1080 2 1
ND_0200 900 2 1
ND_0201 780 2 1
ND_0202 840 2 1
ND_0203 1440 2 1
ND_0204 1140 2 1
ND_0205 540 2 1
ND_0206 600 2 1
ND_0207 600 2 1
ND_0208 780 2 1
ND_0209 420 2 1
ND_0210 840 2 1
ND_0211 1620 2 1
ND_0212 660 2 1
ND_0213 840 2 1
ND_0214 660 2 1
ND_0215 1980 2 1
ND_0216 540 2 1
ND_0217 1020 2 1
ND_0218 840 2 1
ND_0219 540 2 1
ND_0220 840 2 1
ND_0221 720 2 1
ND_0222 1080 2 1
ND_0223 720 2 1
ND_0224 660 2 1
ND_0225 1020 2 1
ND_0226 600 2 1
ND_0227 900 2 1
ND_0228 780 2 1
ND_0229 540 2 1
ND_0230 540 2 1
ND_0231 600 2 1
ND_0232 840 2 1
ND_0233 840 2 1
ND_0234 1260 2 1
ND_0235 1320 2 1
ND_0236 780 2 1
ND_0237 1020 2 1
KT_0001 1320 1 1
KT_0002 1320 1 1
KT_0003 1860 1 1
KT_0004 1020 1 1
KT_0005 1140 1 1
KT_0006 960 1 1
KT_0007 1260 1 1
KT_0008 1440 1 1
KT_0009 960 1 1
KT_0010 1320 1 1
KT_0011 1380 1 1
KT_0012 1380 1 1
KT_0013 1020 1 1
KT_0014 960 1 1
KT_0015 780 1 1
KT_0016 1560 1 1
KT_0017 720 1 1
KT_0018 1440 1 1
KT_0019 1380 1 1
KT_0020 720 1 1
KT_0021 600 1 1
KT_0022 1320 1 1
KT_0023 1080 1 1
KT_0024 1020 1 1
KT_0025 1140 1 1
KT_0026 780 1 1
KT_0027 2040 1 1
KT_0028 2040 1 1
KT_0029 1020 1 1
KT_0030 1260 1 1
KT_0031 1620 1 1
KT_0032 660 1 1
KT_0033 1080 1 1
KT_0034 840 1 1
KT_0035 600 1 1
KT_0036 1260 1 1
KT_0037 720 1 1
KT_0038 780 1 1
KT_0039 1080 1 1
KT_0040 720 1 1
KT_0041 660 1 1
KT_0042 1260 1 1
KT_0043 720 1 1
KT_0044 1020 1 1
KT_0045 5700 1 1
KT_0046 1740 1 1
KT_0047 1500 1 1
KT_0048 840 1 1
KT_0049 600 1 1
KT_0050 2820 1 1
KT_0051 1380 1 1
KT_0052 720 1 1
KT_0053 1980 1 1
KT_0054 2100 1 1
KT_0055 1200 1 1
KT_0056 2940 1 1
KT_0057 1080 1 1
KT_0058 1020 1 1
KT_0059 1800 1 1
KT_0060 1080 1 1
KT_0061 840 1 1
KT_0062 1680 1 1
KT_0063 1380 1 1
KT_0064 1680 1 1
KT_0065 2220 1 1
KT_0066 1260 1 1
KT_0067 840 1 1
KT_0068 1920 1 1
KT_0069 1080 1 1
KT_0070 900 1 1
KT_0071 4260 1 1
KT_0072 1320 1 1
KT_0073 1500 1 1
KT_0074 3240 1 1
KT_0075 2220 1 1
KT_0076 2640 1 1
KT_0077 720 1 1
KT_0078 1440 1 1
KT_0079 2340 1 1
KT_0080 1740 1 1
KT_0081 1020 1 1
KT_0082 1440 1 1
KT_0083 1080 1 1
KT_0084 1140 1 1
KT_0085 7560 1 1
KT_0086 1140 1 1
KT_0087 1020 1 1
KT_0088 2940 1 1
KT_0089 2220 1 1
KT_0090 2100 1 1
KT_0091 1980 1 1
KT_0092 1560 1 1
KT_0093 1140 1 1
KT_0094 1740 1 1
KT_0095 2580 1 1
KT_0096 2880 1 1
KT_0097 2160 1 1
KT_0098 1920 1 1
KT_0099 2340 1 1
KT_0100 1740 1 1
KT_0101 1620 1 1
KT_0102 2580 1 1
KT_0103 1080 1 1
KT_0104 1260 1 1
KT_0106 1800 1 1
KT_0107 900 1 1
KT_0109 1260 1 1
KT_0110 960 1 1
KT_0111 3120 1 1
KT_0112 1260 1 1
KT_0113 600 1 1
KT_0114 540 1 1
KT_0116 720 1 1
KT_0118 1980 1 1
KT_0119 780 1 1
KT_0120 660 1 1
KT_0121 1380 1 1
KT_0122 780 1 1
KT_0123 480 1 1
KT_0124 1020 1 1
KT_0125 660 1 1
KT_0126 420 1 1
KT_0127 1020 1 1
KT_0128 540 1 1
KT_0129 720 1 1
KT_0130 2040 1 1
KT_0131 600 1 1
KT_0132 540 1 1
KT_0133 1020 1 1
KT_0134 600 1 1
KT_0135 600 1 1
KT_0136 960 1 1
KT_0137 720 1 1
KT_0138 660 1 1
KT_0139 1680 1 1
KT_0140 540 1 1
KT_0141 360 1 1
KT_0142 660 1 1
KT_0143 480 1 1
KT_0144 420 1 1
KT_0145 600 1 1
KT_0146 600 1 1
KT_0147 300 1 1
KT_0148 1440 1 1
KT_0149 300 1 1
KT_0150 1140 1 1
KT_0151 360 1 1
KT_0152 900 1 1
KT_0153 540 1 1
KT_0154 660 1 1
KT_0155 960 1 1
KT_0156 780 1 1
KT_0157 480 1 1
KT_0158 1080 1 1
KT_0159 420 1 1
KT_0160 360 1 1
KT_0161 780 1 1
KT_0162 360 1 1
KT_0163 1020 1 1
KT_0164 900 1 1
KT_0165 480 1 1
KT_0166 360 1 1
DS_0001 4740 0 0
DS_0002 9660 0 0
DS_0003 8880 0 0
DS_0004 33780 0 0
DS_0005 14700 0 0
DS_0006 840 0 0
DS_0007 7320 0 0
DS_0008 3060 0 0
DS_0009 7980 0 0
DS_0010 7080 0 0
DS_0011 7800 0 0
DS_0012 11700 0 0
DS_0013 14280 0 0
DS_0014 3660 0 0
DS_0015 22500 0 0
DS_0016 13440 0 0
DS_0017 2640 0 0
DS_0018 2460 0 0
DS_0019 1320 0 0
DS_0020 1740 0 0
DS_0021 5640 0 0
DS_0022 8760 0 0
DS_0023 35940 0 0
DS_0024 11880 0 0
DS_0025 7380 0 0
DS_0026 19620 0 0
DS_0027 2520 0 0
DS_0028 24480 0 0
DS_0029 11460 0 0
DS_0030 15900 0 0
DS_0032 3060 0 1
DS_0033 2460 0 1
DS_0034 420 0 1
DS_0035 2580 0 1
DS_0036 2280 0 1
DS_0037 2160 0 1
DS_0038 3240 0 1
DS_0039 3780 0 1
DS_0040 1740 0 1
DS_0041 2940 0 1
DS_0042 2100 0 1
DS_0043 7080 0 1
DS_0044 1920 0 1
DS_0045 1920 0 1
DS_0046 6300 0 1
DS_0047 3480 0 1
DS_0048 2820 0 1
DS_0049 660 0 1
DS_0050 900 0 1
DS_0051 2700 0 1
DS_0052 2700 0 1
